311
291
907
823
823
672
262
308
854
346
163
587
44
906
980
735
513
930
512
781
736
274
857
629
51
127
536
15
164
385
647
594
188
604
750
362
625
566
324
272
407
274
118
82
571
21
428
185
410
15
381
414
953
955
568
588
452
825
975
874
158
168
11
881
19
38
575
747
114
864
514
420
572
487
564
722
421
699
800
775
346
737
939
855
604
293
349
757
393
770
462
310
840
741
409
788
384
744
67
552
747
852
388
420
857
719
842
958
89
133
35
68
900
465
77
14
498
769
75
292
493
737
209
557
550
104
205
166
977
648
660
740
805
369
607
578
372
14
885
670
648
677
404
507
518
799
134
911
39
523
692
602
262
49
750
284
507
297
87
635
170
932
996
669
996
574
930
633
467
770
739
735
412
173
562
757
206
186
485
803
954
237
332
257
861
753
588
280
598
856
254
56
839
770
640
343
309
963
457
778
614
38
339
838
850
527
854
303
479
775
373
564
268
285
686
149
108
42
96
391
418
518
839
248
434
314
38
908
113
633
121
950
542
70
535
537
753
545
874
295
553
529
4
304
531
120
615
892
735
925
668
713
558
175
594
962
302
930
736
409
511
802
432
359
617
116
362
574
651
6
264
636
795
588
877
251
302
916
28
486
904
156
113
28
150
77
819
97
254
680
835
787
945
575
473
270
481
472
570
441
472
994
778
338
418
874
373
872
868
460
991
219
958
399
313
492
650
286
545
169
390
63
705
132
45
959
137
36
932
780
392
193
463
476
581
105
427
955
593
254
227
296
99
831
433
658
112
573
886
382
961
35
171
996
949
183
733
128
627
380
61
573
575
511
353
133
807
186
818
156
443
727
313
111
96
912
319
946
476
243
341
415
98
860
735
51
611
79
576
945
193
929
632
73
651
16
765
436
365
467
17
917
973
740
478
383
739
567
564
207
883
412
696
111
757
337
476
937
644
360
387
725
131
991
718
242
460
829
887
976
995
816
586
405
963
986
210
269
920
321
837
493
980
619
623
322
693
155
858
243
614
219
81
251
20
595
586
76
927
392
382
48
572
675
162
372
759
783
123
745
33
273
535
383
478
971
818
738
42
722
490
416
669
3
773
42
220
765
827
155
86
523
555
471
665
909
657
268
363
693
174
2
589
507
42
657
301
330
299
833
3
135
448
998
747
960
133
871
614
60
745
441
354
737
769
674
337
899
703
602
764
404
146
85
89
751
236
220
989
750
940
72
770
394
844
114
38
246
989
529
601
349
984
325
55
803
107
26
207
885
346
549
531
851
374
785
140
276
252
273
345
171
262
368
712
878
647
207
697
172
177
841
336
849
419
924
195
561
290
407
751
565
998
813
647
596
724
779
822
63
487
737
334
350
477
781
803
64
759
18
808
706
649
935
229
404
285
630
487
987
841
46
860
935
629
735
596
451
818
27
309
203
860
927
234
57
774
477
300
491
329
829
590
225
818
760
685
18
562
910
622
503
502
596
644
385
214
656
702
357
513
406
734
559
321
471
33
508
861
927
682
987
332
943
866
513
166
848
95
639
611
350
800
540
893
463
491
46
428
526
713
507
628
607
309
669
611
486
83
54
752
366
821
136
382
422
768
17
95
333
84
186
54
954
498
356
433
385
368
384
596
765
637
723
924
274
694
908
268
3
994
124
813
496
419
994
812
71
706
343
29
218
1
838
909
693
496
95
506
264
380
41
886
371
836
84
327
399
612
891
887
632
787
408
45
435
685
65
989
674
573
8
767
892
662
563
977
303
155
104
868
240
576
936
757
286
353
798
410
960
722
132
630
495
291
297
629
929
269
517
886
478
213
444
87
894
344
898
470
330
937
494
321
25
0
604
655
998
507
332
117
812
731
952
983
389
795
576
716
801
441
653
907
931
127
247
595
933
30
985
900
432
182
952
624
480
3
794
958
408
725
784
742
832
767
633
766
218
946
355
464
656
519
628
956
665
441
675
830
153
898
852
210
924
130
811
656
442
796
312
174
940
633
514
159
310
997
832
393
658
897
263
328
836
556
424
755
732
114
406
618
648
68
945
160
576
200
355
835
809
252
118
386
897
388
15
295
588
492
229
376
86
711
883
604
623
263
64
422
92
399
531
670
232
594
908
958
662
507
390
783
863
968
669
949
75
270
41
860
954
347
442
90
747
3
444
216
695
198
87
287
342
559
812
440
452
704
620
144
257
644
53
235
851
567
513
436
622
514
984
325
782
51
181
777
183
848
757
758
827
188
262
965
708
827
177
222
857
300
474
