3
4
6
11
14
14
15
15
16
17
19
20
21
28
28
33
35
35
36
38
38
38
39
42
42
42
44
45
48
49
51
51
56
61
63
67
68
70
73
75
76
77
77
79
81
82
86
87
89
96
96
97
98
99
104
105
108
111
111
112
113
113
114
116
118
120
121
123
127
128
131
132
133
133
134
137
149
150
155
155
156
156
158
162
163
164
166
168
169
170
171
173
174
175
183
185
186
186
188
193
193
205
206
207
209
210
219
219
220
227
237
242
243
243
248
251
251
254
254
254
257
262
262
264
268
268
269
270
272
273
274
274
280
284
285
286
291
292
293
295
296
297
302
302
303
304
308
309
310
313
313
314
319
321
322
324
332
337
338
339
341
343
346
346
349
353
359
360
362
362
363
365
369
372
372
373
373
380
381
382
382
383
383
384
385
387
388
390
391
392
392
393
399
404
405
407
409
409
410
412
412
414
415
416
418
418
420
420
421
427
428
432
433
434
436
441
443
452
457
460
460
462
463
465
467
467
471
472
472
473
476
476
476
478
478
479
481
485
486
487
490
492
493
493
498
507
507
511
511
512
513
514
518
518
523
523
527
529
531
535
535
536
537
542
545
545
550
552
553
555
557
558
562
564
564
564
566
567
568
570
571
572
572
573
573
574
574
575
575
575
576
578
581
586
586
587
588
588
588
593
594
594
595
598
602
604
604
607
611
614
614
615
617
619
623
625
627
629
632
633
633
635
636
640
644
647
648
648
650
651
651
657
658
660
665
668
669
669
670
672
675
677
680
686
692
693
693
696
699
705
713
718
719
722
722
725
727
733
735
735
735
735
736
736
737
737
738
739
739
740
740
741
744
745
747
747
750
750
753
753
757
757
757
759
765
765
769
770
770
770
773
775
775
778
778
780
781
783
787
788
795
799
800
802
803
805
807
816
818
818
819
823
823
825
827
829
831
835
837
838
839
839
840
842
850
852
854
854
855
856
857
857
858
860
861
864
868
872
874
874
874
877
881
883
885
886
887
892
900
904
906
907
908
909
911
912
916
917
920
925
927
929
930
930
930
932
932
937
939
945
945
946
949
950
953
954
955
955
958
958
959
961
962
963
963
971
973
975
976
977
980
980
986
991
991
994
995
996
996
996