840
522
730
316
924
269
863
146
505
634
354
709
279
825
714
280
835
111
297
704
66
479
360
402
415
206
646
428
175
261
913
728
559
312
598
474
497
965
790
603
135
716
2
441
856
55
802
614
214
68
236
292
536
885
101
148
156
325
564
356
120
117
310
345
961
172
409
21
637
456
340
627
996
169
170
465
207
89
701
253
439
136
526
955
684
451
320
583
47
522
353
563
4
203
181
1
84
770
703
341
220
541
287
683
508
924
462
292
438
230
758
648
778
986
638
684
131
979
91
797
864
782
411
535
558
36
852
865
309
327
365
337
254
143
366
488
451
956
565
328
813
222
160
824
143
719
385
880
444
416
211
415
572
798
246
824
17
377
279
240
24
941
680
777
570
920
868
140
691
180
372
780
509
420
578
70
878
324
101
826
959
594
916
850
184
988
726
83
3
535
824
380
540
167
641
887
776
124
465
489
162
589
349
815
629
217
67
870
799
380
76
404
851
214
843
797
859
768
568
346
662
904
275
552
255
847
500
200
446
711
306
764
87
646
148
967
455
714
220
99
490
13
229
68
457
78
237
990
255
62
80
560
43
773
125
348
67
191
581
644
570
705
352
454
460
928
483
794
962
645
561
460
833
97
47
60
845
580
417
200
135
69
157
369
736
363
96
250
45
101
328
892
251
802
960
427
774
14
243
785
575
548
201
168
808
708
760
882
638
438
490
489
215
283
525
148
752
135
910
444
337
755
614
956
650
235
722
310
995
629
860
516
176
189
732
894
526
833
775
16
82
678
306
705
269
760
230
278
659
328
317
883
341
433
299
29
180
886
553
114
795
35
930
62
367
234
378
951
522
316
353
891
372
873
676
241
483
629
383
687
969
765
366
599
114
599
31
583
956
640
25
111
21
673
81
647
974
171
397
731
296
70
546
107
217
627
832
30
53
865
157
626
763
896
934
267
44
226
306
711
491
1
956
959
433
54
88
556
809
487
726
398
99
526
369
900
668
307
138
797
42
300
23
704
585
97
496
21
758
379
770
725
639
950
248
77
673
900
244
294
676
86
885
820
978
340
237
867
184
36
53
563
480
895
250
170
568
219
152
515
295
43
777
998
796
55
971
272
496
539
977
987
635
965
123
765
63
345
646
931
955
918
343
391
717
252
643
444
821
385
900
237
511
200
195
57
340
832
700
616
250
540
720
44
504
133
819
332
108
755
98
562
476
533
541
392
28
385
539
900
63
37
162
72
754
162
458
933
335
357
106
570
597
612
25
64
624
791
130
646
280
622
289
249
364
668
662
972
460
731
51
900
507
236
557
117
772
146
878
753
470
123
788
363
497
742
935
990
861
746
892
791
202
538
532
216
431
300
164
337
942
422
556
73
991
207
924
743
882
106
194
582
261
153
364
613
433
584
602
521
874
91
769
3
237
589
445
397
7
837
156
240
629
800
446
849
367
139
602
908
384
811
381
524
494
359
803
208
887
107
153
763
614
125
653
106
36
558
875
649
508
598
867
983
512
180
115
241
129
233
948
724
224
173
708
61
922
153
18
430
69
480
810
145
89
524
311
199
323
381
86
227
261
553
351
670
266
872
203
877
301
999
115
265
911
829
37
649
212
307
698
329
897
219
257
565
372
766
287
600
933
854
182
502
571
304
454
707
357
445
92
283
567
802
74
636
684
969
386
565
139
63
397
352
220
575
258
809
857
807
51
27
109
578
792
930
47
325
22
551
388
244
647
415
660
665
893
281
922
411
729
0
36
496
871
219
298
178
527
198
772
997
397
44
36
174
2
272
169
441
368
713
707
154
210
440
991
312
256
553
814
936
56
404
489
119
663
45
530
925
845
503
933
257
93
744
634
728
530
66
113
570
976
10
257
622
842
769
535
467
240
521
271
866
675
80
279
749
944
722
428
127
426
98
756
503
781
688
596
502
164
343
819
705
473
63
680
919
817
339
964
402
340
37
91
890
771
31
586
613
595
539
852
895
540
366
516
314
128
98
681
883
436
599
314
149
831
50
668
658
366
148
32
738
742
49
378
145
207
53
428
713
548
63
478
786
378
362
855
861
221
289
250
590
557
15
285
2
836
705
567
563
669
32
207
487
849
165
200
544
585
77
363
431
370
260
534
693
169
714
538
74
220
365
61
128
595
926
895
896
796
574
229
480
97
702
558
355
52
465
511
360
550
770
431
393
102
877
771
985
550
784
468
70
256
148
303
489
909
539
860
978
506
509
114
650
709
23
882
287
759
565
312
46
343
376
353
578
344
61
