1
1
2
3
4
13
14
16
17
21
21
21
23
24
25
29
30
31
35
36
36
42
43
43
44
45
47
47
53
53
54
55
55
60
62
62
63
66
67
67
68
68
69
70
70
76
77
78
80
81
82
83
84
86
87
88
89
91
96
97
97
99
99
101
101
101
107
111
111
114
114
117
120
123
124
125
131
135
135
135
136
138
140
143
143
146
148
148
148
152
156
157
157
160
162
167
168
169
170
170
171
172
175
176
180
180
181
184
184
189
191
200
200
201
203
206
207
211
214
214
215
217
217
219
220
220
222
226
229
230
230
234
235
236
237
237
240
241
243
244
246
248
250
250
251
253
254
255
255
261
267
269
269
272
275
278
279
279
280
283
287
292
292
294
295
296
297
299
300
306
306
306
307
309
310
310
312
316
316
317
320
324
325
327
328
328
328
337
337
340
340
341
341
345
345
346
348
349
352
353
353
354
356
360
363
365
366
366
367
369
369
372
372
377
378
379
380
380
383
385
397
398
402
404
409
411
415
415
416
417
420
427
428
433
433
438
438
439
441
444
444
446
451
451
454
455
456
457
460
460
462
465
465
474
479
480
483
483
487
488
489
489
490
490
491
496
496
497
500
505
508
509
515
516
522
522
522
525
526
526
526
535
535
536
539
540
541
546
548
552
553
556
558
559
560
561
563
563
564
565
568
568
570
570
572
575
578
580
581
583
583
585
589
594
598
599
599
603
614
614
626
627
627
629
629
629
634
635
637
638
638
639
640
641
644
645
646
646
646
647
648
650
659
662
668
673
673
676
676
678
680
683
684
684
687
691
701
703
704
704
705
705
708
709
711
711
714
714
716
719
722
725
726
726
728
730
731
732
736
752
755
758
758
760
760
763
764
765
765
768
770
770
773
774
775
776
777
777
778
780
782
785
790
794
795
796
797
797
797
798
799
802
802
808
809
813
815
820
824
824
824
825
826
832
833
833
835
843
845
847
850
851
852
856
859
860
863
864
865
865
867
868
870
873
878
880
882
883
885
885
886
887
891
892
894
895
896
900
900
904
910
913
916
920
924
924
928
930
931
934
941
950
951
955
955
956
956
956
956
959
959
960
961
962
965
965
967
969
971
974
977
978
979
986
987
988
990
995
996
998
